500
1 117
1 177
1 104
1 120
1 190
1 168
1 135
1 163
1 197
1 160
1 131
1 196
1 165
1 104
1 138
1 190
1 117
1 151
1 142
1 180
1 138
1 187
1 193
1 107
1 117
1 150
1 100
1 191
1 116
1 152
1 125
1 188
1 174
1 144
1 180
1 148
1 122
1 163
1 170
1 103
2 200
1 136
1 173
2 150
2 193
2 132
1 163
2 141
2 120
1 175
2 172
1 124
2 128
2 119
2 118
1 150
1 132
1 143
2 120
2 190
2 168
1 157
2 117
2 180
2 104
2 193
2 135
1 147
1 190
1 187
2 129
2 166
1 168
1 147
2 174
2 112
2 129
1 160
2 196
1 183
1 146
1 128
2 134
2 125
2 154
2 167
2 174
2 128
2 104
1 159
1 182
1 184
1 195
2 135
1 178
1 143
1 183
2 114
1 150
2 171
1 109
1 102
1 127
1 140
2 187
1 122
2 143
1 197
1 150
1 121
1 192
1 194
1 133
2 172
2 134
2 127
1 114
2 101
1 199
2 116
1 140
2 170
2 109
2 134
2 106
1 121
1 135
1 119
1 121
1 154
1 108
2 121
2 198
1 175
1 135
2 195
2 119
1 103
2 144
2 129
1 153
1 111
1 197
2 115
2 168
2 190
1 152
1 138
2 132
2 115
1 127
2 195
1 173
2 119
1 198
2 147
1 166
2 122
2 162
1 154
1 159
1 146
1 133
1 171
1 199
2 105
1 135
2 125
1 145
1 182
1 129
1 108
2 175
1 172
1 145
2 189
2 113
2 190
2 107
1 145
2 127
1 135
2 195
1 183
2 164
1 147
2 103
2 134
2 158
1 163
2 103
2 110
2 156
2 120
1 150
2 183
2 130
2 115
2 139
1 192
2 140
1 169
1 163
2 193
1 158
2 109
2 188
1 135
2 159
2 189
2 154
2 193
2 111
2 104
2 196
2 104
1 176
1 153
2 146
2 107
2 119
1 159
1 196
1 183
1 164
2 110
1 107
1 186
1 189
1 128
2 143
1 148
1 120
1 159
2 144
2 194
1 199
1 135
2 140
1 143
1 191
2 194
2 125
1 178
1 145
2 144
1 198
1 153
1 141
1 191
2 180
1 130
2 115
1 152
2 146
1 174
1 135
1 135
2 194
1 140
1 117
2 162
1 137
2 101
2 135
2 121
2 179
2 120
1 172
1 186
1 195
1 194
2 120
1 100
2 144
1 119
2 144
1 156
1 147
1 167
2 193
1 153
1 139
2 191
2 124
1 134
1 173
1 192
2 172
2 162
1 100
1 128
2 123
2 157
1 142
2 190
1 196
1 109
1 120
1 183
2 158
1 117
1 121
2 169
1 105
2 161
1 191
2 140
2 156
1 165
1 173
1 186
1 112
2 183
1 166
2 105
1 169
1 197
2 100
1 174
2 114
1 196
2 160
2 165
1 105
2 184
1 174
1 123
1 185
1 100
1 188
1 158
2 151
1 152
2 121
2 195
2 165
1 197
1 191
2 178
1 180
1 173
1 172
1 172
2 145
1 101
2 134
2 108
1 173
1 171
1 117
2 174
1 152
1 161
1 189
1 176
2 182
1 158
1 123
2 110
2 166
1 196
1 163
1 108
1 172
1 110
2 154
2 125
2 113
1 146
2 135
1 154
1 196
1 117
1 158
2 112
1 200
1 175
1 164
2 169
2 184
2 135
2 151
2 164
1 151
1 147
1 178
1 129
2 102
2 196
1 106
2 189
2 149
1 136
1 122
1 165
2 188
2 177
2 102
2 111
2 159
2 137
2 187
2 101
2 135
2 106
1 139
2 170
1 173
2 126
1 159
2 169
1 181
1 162
1 110
1 174
1 117
2 166
1 119
2 187
2 192
1 113
2 196
2 196
2 144
2 191
2 146
2 158
1 113
1 156
2 182
2 164
1 159
2 143
2 144
2 119
1 156
2 132
1 112
1 121
2 142
1 183
1 105
2 135
1 142
2 178
2 112
1 139
1 143
1 185
2 110
1 195
1 181
1 161
2 186
2 148
1 144
2 151
1 141
2 158
2 180
1 110
1 160
2 138
1 128
1 175
1 138
2 182
1 136
2 187
2 191
1 163
1 137
1 139
1 128
2 197
1 103
2 166
2 107
1 198
2 153
1 200
2 100
1 114
2 199
1 148
1 177
2 136
2 200
1 106
1 164
1 119
2 152
2 177
2 146
1 114
2 184
1 188
2 111
2 174
