683 180 1287
312 618 557 247
643 134 313 641 73 657 99 30 123 537 157 394 141 544 459 227 533 256 201 130 309 15 671 71 61 143 10 440 242 117 81 582 494 340 532 7 279 566 89 476 576 56 662 501 661 12 411 387 311 404 343 170 517 624 545 135 499 478 416 144 654 616 294 42 547 679 540 96 284 39 80 69 317 592 57 206 527 408 160 658 255 453 659 85 147 281 114 318 646 132 508 0 555 240 403 590 124 442 663 426 127 307 334 605 617 529 581 121 656 514 118 250 396 210 181 173 372 107 546 98 356 64 359 212 392 267 258 678 456 376 100 122 625 169 62 568 434 218 350 368 468 109 79 326 263 353 622 550 588 185 52 577 587 504 503 480 347 612 620 614 515 257 419 53 243 352 23 463 486 344 608 303 105 433 367 423 650 295 349 264
458 638
466 295
555 652
133 592
116 682
541 281
580 120
410 359
49 383
560 136
509 542
153 388
135 65
625 561
356 64
140 350
587 386
349 354
196 497
439 52
597 9
195 170
197 572
475 416
624 464
482 503
198 285
0 575
287 277
143 472
456 305
435 521
656 514
419 373
22 327
217 44
500 641
36 527
305 49
664 545
680 494
440 666
432 508
85 377
22 554
227 636
325 604
585 239
149 529
449 47
501 561
507 69
180 500
550 38
557 421
127 426
507 472
30 673
23 357
513 651
92 410
170 191
68 153
289 668
531 63
102 178
78 361
549 413
134 175
172 270
205 262
88 525
328 434
72 590
381 574
6 203
97 142
429 399
595 409
118 254
396 81
419 667
468 368
347 639
153 571
6 318
661 29
397 139
634 109
174 122
33 588
94 471
406 652
601 25
80 640
342 578
589 32
64 77
434 193
409 348
613 599
312 106
216 639
614 43
641 73
300 243
520 140
308 476
648 651
580 74
13 649
311 327
452 315
543 599
125 127
229 289
267 428
549 317
97 149
141 267
240 383
373 678
104 497
354 477
365 504
377 147
436 220
333 237
172 497
658 160
263 253
141 296
256 533
233 169
293 512
575 162
82 438
71 193
31 506
297 28
320 295
501 351
42 593
379 260
276 601
550 175
658 158
273 261
351 183
188 369
572 228
576 40
158 81
500 222
57 354
475 432
394 45
601 414
306 176
174 526
409 557
131 408
624 306
284 217
171 346
243 636
310 274
282 88
314 664
603 364
199 463
556 19
51 558
316 0
498 674
616 654
656 166
645 117
81 134
477 539
198 93
53 20
262 186
230 421
227 607
260 607
27 606
509 25
309 233
524 469
576 243
228 255
362 673
404 571
288 153
522 478
564 114
569 557
405 414
633 531
181 238
565 213
197 457
474 435
456 251
609 482
158 594
523 56
204 610
128 480
502 92
279 66
166 668
300 20
423 568
626 215
188 54
614 269
391 64
674 504
484 512
225 471
407 172
270 59
443 384
308 234
537 123
211 340
299 558
158 396
508 269
366 405
447 178
653 216
307 363
174 5
178 51
626 23
308 555
372 577
232 316
291 251
191 487
430 188
167 572
677 474
527 195
219 288
245 591
431 464
15 307
678 240
372 136
322 622
551 478
378 623
639 277
485 247
432 392
530 274
505 561
312 355
207 70
521 474
241 366
298 70
363 86
563 516
629 114
252 164
647 323
201 574
528 532
414 526
213 660
63 635
419 483
157 145
571 133
79 665
679 385
590 100
313 273
639 397
594 460
21 406
376 100
292 583
100 46
319 209
7 479
301 211
95 108
529 280
538 437
467 17
359 11
14 320
211 532
148 531
104 354
378 634
63 612
83 662
58 281
194 312
628 658
204 186
445 575
596 616
190 522
232 184
296 308
146 455
645 664
180 147
457 680
451 667
628 396
612 646
317 592
401 183
612 223
127 102
465 137
640 472
495 473
602 303
659 85
234 417
275 286
6 110
107 498
96 401
545 76
588 273
380 662
606 57
583 181
438 632
578 496
469 492
66 7
647 459
283 143
241 547
347 461
554 69
242 150
249 460
530 203
223 148
443 438
279 310
446 556
672 644
192 124
216 427
8 646
490 152
111 338
488 18
208 21
462 474
601 174
216 586
206 355
672 533
608 192
334 471
315 45
314 628
584 116
386 136
48 661
176 322
234 162
649 528
422 546
118 329
670 237
44 597
503 151
490 220
590 221
4 672
304 70
453 659
10 68
682 542
592 343
218 511
673 114
351 535
441 496
493 550
57 618
505 112
449 37
375 320
278 410
674 147
377 16
591 621
552 58
669 476
230 261
545 660
650 388
399 556
331 676
318 480
383 465
518 484
228 583
500 365
459 19
160 314
294 369
49 240
286 202
171 444
177 681
23 199
565 254
600 79
270 642
285 278
148 410
357 510
625 2
527 665
472 187
180 504
120 573
353 360
163 427
165 80
144 232
87 583
439 499
343 440
584 442
597 447
391 290
379 576
306 329
101 548
424 455
465 244
257 515
182 520
226 128
54 371
198 531
487 665
643 118
617 69
21 257
161 44
682 385
245 42
519 423
288 388
201 130
361 615
424 668
149 182
510 630
212 435
28 139
548 50
621 202
542 602
102 9
499 582
330 384
236 88
662 119
663 433
90 273
203 91
331 143
379 286
290 8
642 491
216 110
104 57
240 667
666 491
413 581
247 374
675 487
508 615
594 90
108 63
353 118
34 378
77 8
278 637
631 142
16 386
271 116
436 252
75 146
168 497
329 50
182 650
286 129
131 548
620 212
526 366
272 519
603 551
220 79
485 74
652 428
422 530
153 84
242 270
62 178
495 581
209 387
52 557
106 623
558 179
332 486
495 133
115 589
37 648
480 216
165 200
583 499
524 165
23 352
312 121
334 519
202 636
547 5
210 238
460 33
292 569
43 78
224 122
338 38
22 346
499 65
392 394
669 37
598 289
435 392
481 407
444 266
188 208
321 608
334 492
339 4
586 537
460 595
265 605
321 239
451 244
255 453
666 177
589 479
387 627
523 467
293 626
6 480
406 47
536 102
462 89
275 103
372 197
435 448
75 464
509 155
509 122
420 340
191 490
391 108
544 35
2 602
389 523
113 32
135 33
384 638
109 378
168 57
361 614
121 355
418 317
13 282
324 186
678 49
405 467
511 444
89 370
366 523
634 194
680 580
658 550
104 368
160 545
668 263
607 291
557 313
301 13
280 298
618 264
627 640
124 4
490 170
520 311
2 381
53 305
609 503
40 159
226 235
504 73
59 618
343 681
349 497
27 618
524 434
205 483
442 2
219 388
357 275
671 71
278 570
338 588
375 407
341 632
452 570
148 502
191 496
58 301
210 409
287 347
566 635
438 330
389 46
246 359
276 231
466 581
350 554
255 604
641 74
212 677
171 617
118 138
540 425
620 570
206 312
556 483
119 155
577 167
268 402
200 193
3 403
83 271
314 250
417 67
647 244
269 521
396 38
527 436
484 591
248 285
81 111
398 656
559 509
390 155
134 90
26 643
148 198
99 649
625 31
580 16
170 220
324 459
605 524
565 322
372 173
361 392
215 300
257 335
11 92
144 432
390 302
358 609
655 660
347 297
666 581
73 415
449 257
318 427
573 420
457 16
151 649
95 330
562 99
418 549
663 112
253 424
217 51
341 397
116 559
595 313
475 521
643 464
410 633
86 568
627 266
589 482
264 539
653 28
376 512
585 518
606 196
439 87
66 551
482 562
416 315
115 603
576 630
506 233
513 294
52 185
307 272
339 321
43 445
271 390
157 108
375 172
240 291
510 567
252 229
335 369
394 156
114 522
502 646
307 334
56 241
673 422
508 448
578 252
298 182
236 528
608 344
486 221
624 517
364 362
405 523
366 124
248 470
284 125
503 603
203 563
650 207
667 137
389 339
324 610
285 452
139 163
34 109
638 95
333 76
678 456
105 506
381 442
627 165
249 126
284 454
186 323
259 114
514 431
369 54
653 516
404 343
416 620
408 517
234 296
33 261
316 615
498 222
267 652
553 541
565 138
243 352
428 234
441 268
588 185
620 521
233 433
268 101
218 328
323 258
310 190
595 135
510 626
128 163
294 429
190 226
215 286
437 227
400 395
577 560
588 249
568 193
645 660
206 36
96 661
107 541
629 530
551 546
41 182
382 308
299 12
382 370
549 219
304 388
177 295
267 162
239 332
511 350
406 35
479 532
631 189
236 301
51 543
529 617
622 493
336 604
162 308
3 512
491 343
215 630
559 174
325 582
657 99
634 195
252 152
330 461
322 353
523 224
88 58
345 567
125 9
251 619
77 632
413 133
10 440
102 217
190 274
17 302
329 353
481 466
355 675
310 563
433 367
521 45
447 363
43 370
376 332
559 390
408 598
10 317
316 370
425 561
324 513
22 350
62 127
666 150
534 374
259 115
1 303
577 494
578 170
393 164
662 303
674 73
126 210
670 594
340 282
450 603
288 207
251 305
207 311
49 419
402 398
609 528
222 180
154 98
619 446
139 639
132 448
597 272
575 78
451 556
546 450
482 450
76 337
624 431
666 495
229 441
624 360
664 493
267 47
667 446
74 377
336 494
471 12
303 584
93 157
438 347
265 472
549 10
679 25
403 199
492 411
87 18
210 52
359 212
482 649
187 387
216 163
289 402
192 4
613 169
281 113
444 554
628 337
593 644
563 91
91 226
53 243
534 604
292 534
139 461
455 668
340 58
358 478
443 287
263 393
533 585
212 132
489 125
34 665
123 30
231 414
376 486
589 562
337 81
35 67
291 437
20 227
187 346
89 144
307 536
191 436
143 266
619 49
132 11
130 309
489 51
94 671
299 161
27 368
97 219
460 588
249 273
347 154
110 98
418 681
177 495
138 579
141 544
672 46
19 137
121 194
473 172
553 58
419 465
227 40
189 676
386 222
274 564
617 350
41 529
24 451
647 399
140 41
82 290
402 424
537 516
627 328
544 648
352 286
156 400
169 367
367 426
384 632
175 214
477 27
473 295
293 199
363 161
5 679
596 371
613 29
417 308
203 226
39 80
356 632
461 154
371 449
339 56
62 169
289 424
544 515
221 3
590 344
200 423
548 408
551 564
247 197
28 639
131 514
118 431
35 654
280 69
611 87
218 266
342 402
616 294
193 469
508 392
34 121
304 219
31 505
504 553
263 326
276 302
33 237
85 680
680 485
500 147
56 231
4 241
49 538
407 242
161 15
500 16
538 137
541 674
37 21
223 391
80 524
364 562
261 111
411 319
131 166
181 488
375 168
31 183
497 59
349 168
25 682
196 349
113 236
539 468
407 295
527 600
171 265
235 629
480 91
472 218
587 560
186 54
475 474
351 48
573 674
318 235
578 152
677 470
18 167
501 380
108 8
635 458
407 349
555 0
618 468
14 491
205 323
398 517
39 225
336 173
176 660
312 623
173 488
284 127
51 9
656 424
586 163
183 535
525 365
535 105
481 196
367 125
657 113
183 425
348 238
291 456
24 610
255 18
536 179
345 332
110 586
200 319
52 409
314 214
125 62
326 220
665 490
254 250
165 434
473 320
329 138
60 535
503 479
633 246
610 262
249 670
253 152
428 515
129 245
489 29
415 552
151 301
442 561
106 355
282 107
317 304
594 338
309 96
682 303
195 487
109 106
214 655
246 416
612 637
443 145
213 160
385 412
388 418
536 597
457 136
155 679
179 15
611 348
530 190
404 288
5 122
387 328
129 510
260 251
428 141
520 84
676 69
352 215
72 124
30 629
382 395
155 276
154 356
486 344
395 296
103 607
117 329
380 540
669 515
496 152
471 161
581 14
260 40
615 156
234 445
536 44
248 633
55 600
159 291
109 79
570 359
554 41
142 68
383 159
241 405
107 553
47 515
408 579
277 586
262 369
396 670
283 61
178 9
430 596
254 322
543 179
512 463
426 663
164 55
297 384
60 1
130 506
637 148
26 655
150 320
352 275
587 180
295 642
403 357
582 421
454 96
124 389
566 248
397 427
605 387
442 540
154 297
20 456
596 37
661 663
321 72
85 457
231 547
297 461
393 455
184 417
124 339
399 205
664 337
600 378
405 192
433 105
188 610
367 29
657 552
638 77
64 82
309 613
14 592
300 576
29 454
622 660
71 61
646 635
94 15
381 83
619 240
587 377
509 679
255 611
463 486
415 541
242 618
60 625
12 411
143 218
245 293
296 162
256 467
647 204
444 346
91 274
360 131
290 612
412 540
65 421
430 204
76 550
533 321
356 438
187 265
373 258
88 340
