1244 130 3954
407 1046 410 9
257 1195 1048 994 341 911 1201 650 481 624 1056 358 841 178 805 840 694 473 78 391 64 85 1111 470 586 363 692 948 594 1127 541 929 1019 47 218 136 389 182 950 43 81 412 550 131 383 980 979 827 936 934 589 727 121 1021 546 651 704 379 1140 272 14 1088 894 505 397 100 288 1161 532 673 98 1031 675 185 1116 400 751 897 1234 785 128 1130 138 593 743 372 817 6 889 88 1062 990 1214 662 758 50 223 604 823 1168 246 3 437 1146 411 222 1180 1227 653 819 153 676 609 698 1020 1223 156 534 689 485 924 423 1164 303 1238 418 949 203 41 707
244 503
1011 175
909 959
736 518
121 403
74 251
555 350
206 878
908 724
426 852
413 796
478 870
24 595
897 514
1240 618
647 1160
896 12
1034 739
337 1138
765 355
219 307
684 287
861 270
148 1090
1097 712
162 146
915 336
1139 917
759 814
265 144
618 24
1053 176
474 1109
28 459
385 673
597 804
631 97
86 118
203 524
104 737
128 1221
1151 3
256 1168
841 552
871 231
854 476
151 444
1056 88
1180 1150
1146 234
175 77
956 204
125 254
533 1036
365 1236
882 793
553 1052
586 285
149 535
158 289
50 625
1234 1209
878 811
597 1153
767 662
244 535
382 163
1169 1026
984 760
316 1046
570 771
709 804
635 254
154 1150
843 316
785 1114
81 955
239 727
440 689
140 361
1163 15
411 25
1080 832
1177 561
180 842
1112 222
627 814
111 375
923 379
768 446
881 1161
873 184
115 553
880 1046
756 131
1189 524
756 259
1015 93
1013 154
1234 699
508 424
1033 225
127 790
981 267
1130 664
614 714
779 930
798 417
168 1142
190 205
1100 1083
448 654
1045 429
498 576
1154 870
953 255
1109 424
1063 337
1170 860
110 439
145 531
195 311
286 285
225 1231
261 670
238 1063
241 28
203 345
875 785
1007 1197
870 433
164 220
288 605
1068 815
51 657
297 955
78 1206
174 1085
1129 258
291 838
684 215
1078 972
671 415
339 792
724 1206
405 1224
1003 1102
350 244
1196 28
182 376
743 525
41 812
380 102
450 349
1118 762
1052 872
1241 1236
953 301
2 766
1231 105
380 27
488 244
928 200
559 1076
29 769
528 190
470 102
763 182
1001 515
344 1198
130 226
538 714
774 653
1235 889
80 1013
1193 1175
505 647
243 840
158 112
132 951
1049 932
285 930
341 321
782 1208
905 465
584 869
1139 139
205 28
501 1168
586 743
419 32
115 58
673 307
77 724
461 729
737 470
861 463
246 755
286 417
591 277
1003 882
1060 1058
680 717
1234 605
1187 138
330 20
797 1018
921 380
1127 52
866 435
683 829
640 1197
1225 223
691 664
377 583
488 235
1021 546
239 616
106 947
372 336
191 426
777 305
700 261
655 1185
746 793
592 1118
189 1095
714 1163
356 315
87 940
332 675
300 486
1006 478
1132 506
817 1109
997 157
499 560
1215 736
357 594
732 907
816 301
917 771
689 468
795 533
768 1043
1030 774
1005 725
178 952
168 154
132 317
649 338
63 60
152 485
889 603
569 1148
571 300
642 287
117 904
1037 543
1174 1201
1219 711
385 174
506 1215
756 578
369 757
1002 525
370 824
1077 974
1165 1119
958 2
749 296
696 519
1167 831
915 850
1064 343
986 822
537 226
1085 875
893 46
741 266
73 827
312 214
1087 562
831 70
820 132
226 872
1098 429
1198 192
1194 727
857 1015
1000 1214
260 152
875 673
1133 688
734 1149
922 246
352 1138
597 330
445 1065
109 938
713 536
187 354
994 142
118 1176
777 963
548 394
549 763
1119 668
528 1151
837 177
258 460
313 571
1124 563
531 454
643 460
223 1004
912 11
583 645
583 451
635 928
110 136
513 830
351 77
498 17
419 127
1078 983
210 40
1046 899
1137 87
654 507
595 1076
211 71
29 1242
93 624
608 292
809 893
1140 120
51 1183
632 732
814 86
613 1192
919 1237
663 94
954 29
305 604
1116 338
851 1066
132 887
423 266
359 431
1070 734
190 845
753 889
789 1171
979 82
15 538
1081 948
1042 987
976 363
1047 895
899 543
368 551
1195 1005
607 834
950 156
744 325
482 1000
1199 993
664 736
852 497
899 322
24 559
245 384
909 216
139 353
437 1156
361 761
1077 363
187 185
347 89
819 732
644 326
79 338
482 653
1076 585
457 1114
1022 1147
176 9
707 1
44 204
23 566
892 222
1211 1063
76 693
371 1091
354 774
1051 1008
1190 479
879 526
1075 946
545 862
482 141
658 1058
1106 1029
233 52
662 440
526 562
774 558
367 446
42 255
346 51
877 972
1033 105
1107 291
702 65
267 901
143 876
1203 960
936 1145
597 179
217 108
326 47
743 417
932 563
937 169
1224 629
859 127
865 422
69 5
1084 381
182 476
98 162
251 396
1160 697
448 685
842 595
634 111
1196 967
1064 889
740 318
947 833
501 927
328 303
33 853
653 770
991 66
1040 1046
921 801
129 352
463 223
1115 1111
1087 526
130 189
336 942
581 1012
839 820
505 449
527 148
251 1042
900 18
1176 1022
676 169
457 92
72 1152
1112 275
984 946
222 1087
29 76
823 95
828 639
245 893
539 667
946 1152
155 1104
640 757
965 10
694 574
28 16
313 707
556 623
1195 579
1061 725
492 159
383 246
601 1233
232 733
821 835
1130 556
651 676
875 386
279 973
317 997
435 1071
111 182
743 285
831 299
209 230
356 749
1181 392
222 982
503 488
521 812
451 766
410 494
949 581
858 380
512 487
633 957
1149 627
739 213
440 648
402 171
375 290
193 845
295 63
1114 1085
696 450
1020 1082
478 383
587 1197
951 820
266 121
472 480
941 1207
890 403
2 349
240 903
367 858
1098 88
1131 793
426 1123
648 358
311 100
181 716
920 14
406 538
1140 480
911 1076
158 1222
975 71
779 681
906 1213
24 479
748 50
784 894
1033 201
986 365
786 275
174 476
319 168
1114 792
859 1238
33 299
210 850
55 786
3 1166
1090 1015
882 373
191 457
548 565
796 990
113 763
247 1133
407 172
894 1194
921 994
847 891
942 856
909 392
1121 951
666 368
597 18
1188 926
906 856
429 244
606 873
232 193
671 171
216 392
703 554
766 955
897 405
1223 714
975 366
737 560
194 477
76 588
552 220
1126 842
192 505
931 274
80 263
410 501
796 721
719 952
776 390
137 1020
627 800
752 1240
395 441
759 369
932 692
357 624
192 572
968 833
574 828
278 1167
505 268
1027 1125
1032 1160
1163 1113
949 747
869 301
313 401
49 405
147 52
999 679
38 450
912 225
988 733
584 126
782 876
1089 473
691 370
874 1071
55 411
793 623
1171 64
503 43
554 635
1128 1144
288 1190
156 306
288 595
246 631
925 517
359 447
847 246
720 311
998 106
806 519
836 583
430 568
404 151
129 877
779 361
1071 806
1036 34
890 318
684 304
1007 363
603 343
1159 1128
1163 284
89 407
781 224
45 509
439 314
304 648
1138 972
834 1056
1218 534
72 1075
1100 985
240 1163
203 1166
82 117
322 1203
679 962
480 443
661 923
959 1181
170 539
876 320
1211 257
964 5
817 424
426 891
373 346
900 179
1184 148
1067 244
1004 655
637 667
1068 109
664 518
1164 163
1054 1104
1186 1016
509 966
269 687
1109 342
388 77
368 653
1046 475
1022 814
240 520
872 1167
95 1010
280 221
1144 730
1106 318
615 1227
47 913
670 948
1179 1235
1168 1165
955 1034
699 1190
611 581
1071 1034
695 747
1178 606
1178 184
586 1070
99 486
1030 1214
49 1176
1087 982
532 870
794 1080
527 495
952 829
1085 476
521 186
103 1217
537 842
144 312
997 132
920 1130
1170 1074
1243 758
1191 838
397 176
588 178
1183 793
262 356
123 808
418 246
1200 626
868 430
101 338
1164 669
1009 460
918 1056
678 300
308 10
1119 1161
33 618
1055 436
68 210
1065 387
218 177
6 790
891 1174
370 610
1070 414
575 22
1117 1184
568 868
157 132
1057 165
569 1143
995 817
795 1135
1209 328
1018 938
1173 254
859 497
894 102
734 487
1095 817
575 54
386 1012
246 191
402 304
889 456
85 172
706 1037
36 408
140 772
154 855
241 1196
310 1009
543 1013
941 1049
95 537
463 136
751 586
576 1164
423 1024
404 753
47 606
519 766
934 185
192 709
784 632
308 162
1049 690
1179 456
1153 1047
541 811
959 84
1159 1097
33 595
26 474
107 438
319 254
354 791
791 689
659 614
1216 428
458 578
1008 957
450 806
280 55
583 38
985 122
239 924
715 839
359 534
771 768
440 653
981 19
853 595
504 857
603 444
621 281
748 1088
436 627
982 526
1070 525
904 116
294 981
496 429
518 471
1061 625
418 852
505 709
799 98
905 65
66 510
611 949
417 1070
587 702
348 335
684 718
845 643
858 764
1127 1045
422 1143
736 370
864 35
232 16
230 200
760 1155
272 348
1235 350
581 549
971 265
995 323
89 926
182 290
1144 761
801 894
992 30
1020 245
971 197
1102 664
570 764
960 322
488 52
1221 348
784 167
395 1051
985 771
873 1152
788 395
646 1228
726 862
491 1223
1113 1146
959 216
973 99
119 1114
362 589
1063 1115
276 388
369 587
966 155
70 823
1183 185
147 1179
474 103
1057 1048
589 1025
627 236
244 43
1 360
997 108
756 9
329 861
955 1137
366 310
1075 338
1195 31
699 303
325 1157
262 778
918 912
659 10
228 687
804 466
911 328
921 27
309 1071
1140 1182
917 740
1107 227
27 421
384 1168
658 85
403 533
248 1037
993 916
1010 103
181 1203
565 469
514 118
67 570
1119 1168
422 774
1123 854
924 90
743 1101
838 876
451 1031
1129 425
271 30
1141 401
811 440
20 572
121 1024
317 951
381 11
1160 591
1110 697
507 1075
666 440
668 494
1159 361
655 1025
1123 962
135 733
772 525
337 14
1183 736
37 774
407 374
675 972
1208 193
887 839
1047 901
156 398
175 698
99 88
1177 759
708 875
411 348
213 432
316 133
646 530
70 278
931 456
502 927
265 538
414 513
520 1146
1079 266
371 589
796 159
32 1238
412 447
1082 1168
336 68
1078 1229
738 389
308 530
854 340
117 855
487 798
329 849
958 899
1016 567
1003 742
407 827
895 1021
979 916
875 293
605 595
1160 192
1243 1104
881 1190
688 313
1134 1230
351 388
25 55
754 1207
198 832
104 223
288 490
754 690
41 521
901 466
433 1238
901 900
1223 1134
348 491
126 42
289 975
991 748
1133 571
246 891
1229 529
1009 643
768 67
215 718
1109 1167
295 1164
643 193
1179 1067
127 497
647 697
1072 879
158 989
1024 741
133 637
1226 1133
146 472
1146 438
785 119
713 275
79 1193
1122 868
452 60
617 72
1030 37
484 816
364 1184
880 635
84 399
330 900
416 560
204 571
7 567
244 1179
1172 969
1043 819
26 189
1105 824
489 88
1086 16
660 50
195 1164
135 193
1097 919
469 57
434 63
232 56
824 691
781 453
1101 629
309 87
472 1092
339 1039
232 1208
334 228
892 540
661 420
425 690
137 500
795 427
500 494
1114 246
33 303
1215 1016
1108 577
640 1077
263 1150
15 284
1207 549
509 287
1233 869
106 130
405 237
1086 203
288 1076
495 462
194 534
284 670
164 1225
257 1078
895 1181
1023 708
108 1121
777 466
496 11
472 1059
1061 579
863 347
250 667
384 1020
1166 345
731 644
203 160
616 985
1003 75
187 657
17 868
1108 526
14 1215
256 433
122 632
86 487
767 215
634 376
772 414
752 620
176 249
1008 485
464 302
150 372
897 800
1199 309
1062 1046
1102 14
855 82
751 1070
893 298
946 617
355 803
531 1120
411 64
29 1093
686 18
564 324
173 1158
1143 1000
539 703
399 34
747 320
245 298
750 1236
846 180
721 529
100 730
199 1113
999 340
772 430
1058 172
894 921
1106 907
975 13
257 787
1026 1226
45 287
935 1001
264 515
827 815
1012 611
136 91
272 598
797 114
986 156
339 1085
672 880
939 492
333 1178
609 1007
1047 392
149 889
844 933
166 537
535 1235
1094 1083
312 713
1192 913
668 1154
238 129
917 1094
815 89
971 240
1242 1106
759 694
91 223
280 25
19 35
265 1163
309 61
1217 1213
345 112
1226 279
868 331
587 609
828 1147
1072 892
1001 909
609 1077
432 1203
875 219
56 988
564 872
778 207
704 842
589 552
111 1039
515 597
380 123
891 191
1051 510
1142 200
960 1028
713 1221
369 976
239 784
931 603
694 974
1024 493
219 701
431 159
802 130
434 773
234 438
193 1044
9 255
564 180
1101 930
70 324
290 581
573 613
224 230
447 393
265 214
1032 344
260 788
990 778
986 22
415 735
1096 1118
147 535
731 1104
545 1096
867 39
575 750
285 627
716 916
59 1053
185 992
501 433
699 911
1000 791
1117 1236
345 596
923 893
712 1164
693 1106
1162 692
726 1025
558 878
860 902
957 101
1082 256
910 362
68 372
153 264
781 1037
212 91
386 634
355 269
430 331
144 173
345 3
1097 720
945 333
343 744
610 352
354 1214
1112 1230
279 678
586 145
801 807
470 964
176 729
1111 736
600 377
327 487
315 447
570 719
799 39
536 55
1090 495
705 389
1099 477
1213 334
611 111
413 1078
288 559
489 912
43 274
252 521
281 992
917 719
20 686
663 822
893 137
54 892
1026 81
553 537
1069 1093
1146 199
1116 617
1038 1241
906 942
814 1176
682 42
446 138
899 263
1223 107
803 1077
242 1008
114 1103
622 1035
797 863
130 846
213 1028
680 1182
359 1145
675 198
295 818
764 616
53 635
817 103
222 879
489 1045
1033 1045
526 776
718 96
1079 423
50 788
1192 101
386 375
498 1097
408 750
669 1097
15 107
137 1165
518 1130
753 555
201 105
885 1145
433 532
1076 253
896 1089
992 1074
1243 760
928 672
502 870
222 540
68 428
805 1239
928 1073
50 302
360 1026
1157 398
1033 1084
441 573
599 402
345 1151
707 826
694 86
1107 143
4 228
672 248
813 816
991 837
514 1176
967 1151
155 731
624 744
314 737
983 332
1141 535
644 184
903 15
776 1236
741 427
460 232
240 197
1131 1003
536 1171
919 430
802 998
18 192
1118 136
970 1155
571 99
971 1156
247 1
602 310
525 417
860 569
882 187
640 803
526 222
40 687
925 289
239 90
933 1116
793 281
1019 287
1113 107
832 1229
178 1139
1186 794
302 1051
57 250
693 1093
938 615
386 376
30 185
791 1170
977 255
534 431
113 522
821 109
945 79
493 427
452 1233
63 163
968 473
1097 773
1096 282
1241 776
174 650
656 183
961 1015
639 363
884 96
966 45
606 644
1239 264
770 722
142 123
506 75
468 1066
1015 812
277 192
913 79
457 340
698 908
187 30
604 277
411 280
609 640
16 345
641 1019
1220 928
502 387
982 750
240 144
218 242
484 601
1013 1203
102 1194
489 571
1006 580
180 278
1209 595
1005 625
585 288
832 787
713 348
562 1108
888 1120
886 140
353 1043
557 1194
969 1099
1213 942
56 227
771 632
201 1179
760 1178
1021 777
370 238
579 552
1029 829
738 382
153 18
920 75
43 235
996 66
546 59
966 626
488 1235
952 29
588 1106
909 35
1114 1123
887 651
1040 554
225 429
715 389
183 153
7 1063
283 1140
1199 432
968 856
81 1
426 1174
765 968
995 372
411 1134
467 1166
592 1225
1173 1040
209 224
1007 369
962 650
478 1238
188 833
886 513
891 631
1089 342
229 820
276 585
1169 99
55 335
913 101
1157 36
544 298
1023 376
144 903
809 384
876 258
463 762
856 336
898 1149
900 804
1060 89
729 259
867 659
514 86
657 281
1117 408
1079 1036
534 1145
149 343
283 511
1062 637
165 726
1184 961
921 439
1225 1096
1223 1146
267 392
136 5
55 520
630 856
490 704
449 709
485 633
701 376
1036 35
43 52
959 656
245 724
44 1056
192 458
42 813
347 619
291 113
282 329
698 1011
715 516
1073 1142
61 483
911 479
510 685
238 824
188 817
1084 247
488 535
740 1242
873 333
196 102
168 904
20 341
961 398
549 1124
991 788
1085 708
26 831
1164 382
1074 722
990 359
573 633
32 755
632 1187
1116 613
302 910
652 685
257 1080
978 298
1154 923
910 177
805 35
759 639
1220 116
833 998
181 263
93 594
1201 478
359 194
891 418
186 744
128 272
1152 1192
2 1028
399 423
1186 1229
470 439
875 650
181 124
1191 1012
803 1197
305 505
758 1155
814 514
111 1050
947 342
259 134
588 952
128 848
1122 1014
561 828
513 772
400 660
625 910
381 429
404 235
982 892
959 944
850 40
973 1034
864 981
457 673
948 511
61 1
1070 1055
264 466
666 541
241 310
1229 62
585 704
942 765
293 1050
886 1014
311 669
213 716
866 707
1237 738
297 826
619 296
349 600
977 728
171 626
248 224
1195 1057
23 594
839 229
137 46
934 422
1131 992
1014 331
74 73
933 1192
1230 577
413 983
1104 171
121 683
157 710
1231 1033
693 139
338 613
516 195
1133 204
335 598
608 865
599 636
142 801
372 906
1127 225
695 1202
838 733
1224 49
1119 532
1223 199
799 717
815 1060
1067 350
1103 615
189 424
540 161
612 683
364 462
330 134
149 931
379 580
1088 633
748 66
654 945
1153 18
813 953
958 213
836 519
26 817
695 522
1232 216
490 1167
1171 214
152 464
692 695
987 778
234 1113
731 636
213 450
697 131
565 703
1203 263
807 367
15 714
831 872
1206 445
601 255
647 131
866 1071
914 964
651 576
640 976
914 362
1149 487
1172 477
286 512
133 843
949 1012
866 309
743 327
1188 797
400 625
501 6
50 242
604 179
1164 1237
735 155
965 646
1150 453
421 142
868 780
590 717
209 168
160 967
116 82
183 264
355 1205
718 811
443 308
1170 206
1180 117
4 269
563 581
1229 492
210 4
223 329
449 458
757 976
511 437
185 281
954 533
364 156
1123 174
319 0
1061 31
524 120
903 284
908 544
660 302
307 174
616 921
371 552
16 745
159 315
843 250
822 1108
482 791
289 162
1241 986
864 963
515 901
818 715
632 985
605 553
451 739
7 691
37 1214
1073 1027
198 129
807 122
617 507
1226 707
711 769
835 615
322 2
1137 583
263 349
11 489
99 1133
864 455
146 71
566 1236
924 27
76 493
711 732
1051 448
690 1162
204 360
555 456
697 813
812 889
978 409
1179 43
413 939
40 355
206 1143
1208 56
380 499
354 551
96 666
962 340
41 444
949 763
632 446
505 59
836 435
1134 713
180 1167
1016 238
229 157
210 150
956 1084
559 33
1046 600
509 1148
1137 360
986 562
689 851
1158 406
937 317
1226 61
407 1060
419 501
381 956
1049 1191
784 858
482 368
42 591
668 978
352 787
534 1042
776 986
1202 845
751 1055
701 1039
735 1019
4 942
561 65
35 612
1036 266
659 717
675 370
800 1149
212 421
211 146
1031 1034
344 756
127 1238
92 340
92 999
715 1210
262 62
781 154
778 159
297 866
502 409
1138 129
946 72
1121 484
119 385
623 883
113 754
856 342
294 864
873 1155
226 831
528 205
1209 303
49 514
311 498
860 662
159 871
438 64
912 401
258 825
1083 588
848 275
363 850
1086 135
455 1069
883 877
884 468
786 54
111 386
234 520
393 477
1175 441
197 590
516 997
1218 1145
127 97
770 608
851 666
955 87
59 277
1032 1053
332 1186
1086 459
125 1125
353 985
228 850
1145 194
748 302
1219 808
1200 970
932 701
1242 76
360 279
128 892
250 637
84 612
1111 746
277 458
1228 1081
1216 995
219 679
236 436
29 693
980 22
1122 331
49 118
991 844
236 800
438 903
284 199
1242 318
314 894
922 854
1113 312
78 752
814 49
507 945
19 1041
1233 977
96 648
296 936
526 54
295 888
222 390
946 613
15 659
415 1200
783 53
954 493
370 471
1070 930
354 621
530 480
605 618
976 334
790 426
340 755
277 505
1239 963
532 502
149 603
471 567
970 1035
1166 1151
104 557
1113 520
828 237
274 343
71 261
937 676
444 1090
792 457
241 602
463 69
341 895
848 598
251 477
710 839
727 784
162 1228
558 202
702 574
990 207
349 696
927 433
601 249
286 1101
11 483
38 543
574 1177
722 271
79 613
671 1019
394 170
980 892
44 300
629 734
796 778
1112 411
785 852
1128 669
855 80
376 290
929 1148
356 231
581 425
258 291
1147 465
563 481
78 445
905 574
306 325
824 1102
332 1211
430 1144
539 548
1063 883
973 707
974 228
1210 712
632 768
399 1024
869 397
595 166
393 1103
603 404
204 486
655 592
953 397
280 713
132 484
719 1094
935 266
153 777
692 611
1115 556
153 1047
939 983
215 304
611 549
925 1189
547 884
1153 458
564 253
312 234
189 278
1095 802
683 399
807 727
1189 1166
384 175
1089 1217
147 1067
1082 1154
278 564
859 927
909 944
1225 371
753 488
757 1197
450 716
1141 225
574 561
46 668
111 290
728 756
617 326
334 630
705 516
838 1129
734 49
491 197
208 877
342 995
618 585
852 922
1040 783
449 578
645 1028
795 399
1165 668
500 1020
437 1228
189 1109
462 148
282 560
868 1159
1049 227
1218 231
111 376
1216 323
156 527
396 1188
193 602
676 820
941 782
34 19
332 794
1032 591
211 162
532 127
798 734
299 1126
1169 1133
901 341
114 815
632 1219
305 804
596 190
922 420
1163 971
800 751
728 458
1013 213
499 5
549 1012
765 1216
419 420
954 427
1119 256
1230 272
823 853
901 777
1054 45
1222 160
467 366
1145 412
1002 898
758 48
251 615
361 414
1208 988
523 1034
589 592
709 578
1041 294
825 747
273 169
501 1136
771 446
921 102
174 673
564 1095
334 355
298 46
281 30
623 920
475 677
1169 834
979 263
558 722
184 1035
1044 143
1088 1192
624 41
787 231
213 38
416 1004
329 1004
825 1124
702 639
830 868
1199 836
1029 890
442 479
187 271
581 1124
1029 34
792 92
812 151
1127 834
30 665
1155 1178
289 989
654 83
421 801
1036 121
700 406
462 325
791 653
146 480
152 66
288 33
125 469
67 858
236 930
928 378
166 33
38 349
928 319
843 475
290 481
301 317
437 965
61 678
873 48
489 607
314 416
929 215
981 35
1162 549
6 409
1139 732
698 1020
1142 248
443 162
662 1000
153 909
933 326
584 710
1159 17
617 1075
616 924
874 810
781 322
1194 196
380 801
275 980
71 530
193 876
444 521
229 869
367 727
268 131
1238 497
234 1223
911 445
273 1237
280 64
653 292
142 27
153 515
251 1227
556 238
881 77
932 611
237 775
492 832
653 1170
647 397
794 972
1105 972
202 657
667 316
837 957
605 585
294 1232
403 795
1141 1045
742 934
744 252
1206 908
505 458
1236 892
484 42
507 1175
862 589
972 1211
132 169
853 618
556 518
969 74
1154 256
219 174
1098 1045
1080 208
235 535
896 846
530 443
50 66
497 420
441 50
361 886
39 211
1222 211
366 345
557 849
714 971
209 1142
260 573
485 441
795 693
661 1136
270 5
643 1196
579 725
546 804
1038 950
989 723
575 961
486 826
779 17
25 348
925 120
1207 825
307 111
1021 944
41 151
832 871
1041 550
384 544
132 839
1195 910
848 526
419 246
542 143
874 1
863 1099
822 22
320 1129
671 648
622 1200
514 702
1027 378
1077 1007
261 646
124 450
106 915
235 52
585 620
521 527
869 1121
162 472
245 256
1105 1138
234 335
969 85
116 248
896 1217
960 263
940 973
1162 581
302 152
0 53
1234 303
375 1124
527 1090
1210 676
345 967
83 606
179 1198
1172 936
1116 79
48 1155
1039 290
331 434
380 142
112 459
163 705
1096 220
753 521
659 406
823 115
46 809
768 122
744 521
990 62
617 48
975 1189
496 1045
197 680
446 907
764 808
790 859
904 248
468 770
823 299
378 1220
646 799
625 31
1079 550
767 358
640 587
1170 482
1196 745
1031 87
897 1022
524 1222
405 86
1017 677
592 270
911 303
153 466
383 418
1088 510
970 636
560 314
681 361
1134 536
531 1101
1195 725
780 919
811 860
907 1043
955 309
374 827
726 1096
474 428
544 1154
148 1015
150 850
640 65
813 1212
449 277
1046 1017
800 734
401 489
384 1161
699 1209
1099 797
1011 388
119 92
999 119
415 1178
190 745
982 1108
1149 1147
467 3
104 560
958 1028
372 473
1103 1018
73 1060
1214 30
664 882
94 93
1185 1091
562 54
794 1105
542 522
1021 341
162 530
724 351
753 149
10 700
1205 4
898 586
809 245
94 365
809 544
74 835
128 577
382 195
430 1128
636 760
129 972
596 467
746 202
681 286
985 768
215 648
532 580
841 164
891 755
895 686
847 755
1166 366
613 1193
982 598
1142 230
1182 965
212 314
675 1138
249 869
1010 831
372 1213
716 432
1122 454
742 774
1205 1007
1073 125
47 652
786 1112
60 676
212 104
497 419
319 1027
17 830
299 553
1064 931
361 743
629 436
1086 745
916 958
152 788
172 89
806 739
220 1225
682 813
574 1007
143 320
312 199
844 485
799 1182
1080 492
415 970
614 646
847 1006
1061 152
1145 207
32 127
333 642
1128 414
7 1130
590 538
1188 1099
1190 442
491 1113
563 522
470 314
186 36
846 817
1237 243
1121 601
574 49
1010 508
336 906
1122 1128
391 1023
994 1194
300 99
895 153
687 640
103 189
939 832
58 872
1181 550
535 1067
779 145
23 663
684 141
801 27
607 956
689 141
90 138
409 532
414 886
981 84
643 291
436 465
670 680
1203 706
100 1122
437 146
414 454
1027 672
411 1146
79 933
718 45
1215 518
560 439
924 768
929 1019
54 1108
163 100
58 817
998 942
1041 1232
536 64
83 1054
139 917
824 337
723 596
1011 351
1091 726
895 777
943 218
1235 147
535 350
530 1189
1226 678
227 782
879 566
33 585
860 689
39 1182
624 151
11 88
203 967
1210 951
1055 417
994 102
186 456
410 32
552 726
818 169
1081 659
344 591
474 130
886 772
47 507
1124 692
929 541
351 881
183 777
324 188
503 931
607 201
1241 364
446 1187
105 43
1230 786
628 1067
930 751
1089 424
524 289
469 703
1164 273
537 1052
439 861
823 553
13 1059
116 1142
360 1226
922 191
980 879
674 186
1083 353
1099 821
1221 107
1198 134
73 172
282 1004
575 776
496 1033
660 837
904 378
993 583
1080 778
78 724
148 93
603 233
87 866
790 419
290 174
656 267
1213 856
523 1026
958 810
615 396
636 622
229 951
802 872
1032 953
487 627
647 344
558 37
911 276
55 348
65 897
306 22
196 801
589 31
834 11
662 569
1217 1216
255 1212
305 900
686 900
126 255
44 940
917 732
1162 1050
1110 1160
441 957
1242 588
349 916
652 1243
1031 297
1193 72
931 504
486 381
824 471
254 880
1104 415
772 531
871 534
604 546
243 730
1213 968
75 346
1230 848
1197 237
816 601
925 308
1171 1134
210 1077
523 1137
783 469
504 674
221 1230
654 652
740 403
1094 76
290 634
396 936
593 179
691 471
178 29
809 379
279 1026
313 204
282 91
513 145
800 898
608 541
130 1109
404 149
1197 363
1166 602
671 641
243 295
385 1085
1092 173
229 705
75 934
1050 376
895 466
137 245
61 1026
0 1073
1055 513
27 560
619 172
1011 442
407 85
657 1132
642 622
949 1162
461 584
660 748
890 1079
382 712
792 631
696 432
177 841
496 1127
945 1152
188 26
1126 620
789 221
160 596
844 441
798 627
872 1010
96 626
527 1015
358 599
711 139
488 1067
544 245
885 62
989 1189
42 1212
976 905
176 255
192 268
889 931
459 1196
90 142
458 268
1210 389
984 47
698 1240
576 382
1126 1052
1227 431
609 1177
40 968
927 532
207 159
303 1240
178 1242
313 1133
1163 903
1193 485
543 960
1176 405
106 323
557 270
517 596
509 626
192 449
884 767
1021 1047
507 946
602 1086
605 24
304 851
617 654
582 746
413 1080
905 639
1243 184
190 16
383 92
1087 1072
340 708
1130 14
522 754
679 457
999 785
1030 665
536 199
714 240
408 364
1002 800
209 248
34 455
1001 216
549 563
233 357
706 453
1068 407
1232 864
1042 194
345 517
947 995
1182 10
509 731
427 1204
1001 656
559 699
806 1199
1161 46
848 786
780 738
461 1121
1104 735
815 407
195 295
873 1200
836 645
349 836
609 4
376 385
198 1211
1185 861
330 264
1188 821
567 332
100 1097
175 908
605 33
876 754
417 1101
308 146
196 27
1081 1156
879 892
1107 1202
813 255
782 1129
722 865
1218 749
481 650
354 865
962 854
467 241
512 514
502 1201
1175 613
282 964
1141 1098
34 423
119 418
1093 769
289 345
1233 1121
870 6
640 1007
369 630
1053 728
205 517
257 356
431 987
156 663
651 715
490 299
343 404
1128 1014
350 1231
990 1078
807 167
393 938
426 418
453 960
252 495
358 1066
357 744
344 697
1163 1158
308 480
3 203
461 217
325 1015
566 365
224 1046
720 669
1115 582
143 838
328 752
870 927
472 308
39 1228
1093 732
1094 139
249 584
98 158
948 659
1164 715
80 1203
988 241
612 321
799 261
267 909
309 1031
215 641
797 374
1240 1209
542 1129
353 719
55 713
44 247
453 1046
1184 398
1223 438
413 832
22 390
152 50
742 281
1097 434
112 160
1158 1156
702 828
732 1083
120 289
609 757
1031 1071
296 477
947 428
222 562
823 704
1234 276
407 73
60 389
156 961
1011 881
849 142
630 1205
148 1157
620 288
269 587
1086 241
176 42
786 128
770 206
4 150
306 1184
255 682
1212 108
328 175
630 210
785 92
355 150
503 1033
967 13
14 51
906 1205
927 409
874 1034
574 759
656 19
823 1126
169 1210
1061 177
422 354
1151 112
881 724
1085 307
1087 1241
271 582
485 573
351 699
171 902
62 796
1224 775
153 901
477 396
443 283
944 294
716 451
551 558
722 1030
509 671
158 524
170 783
329 463
77 893
1171 25
1221 1171
1123 679
833 323
1143 368
934 657
211 472
347 1188
1150 1142
1085 650
246 852
492 1078
912 1133
1117 1090
802 817
974 976
996 177
253 299
1007 757
988 460
524 480
622 155
2 432
232 1129
582 1003
657 185
742 30
544 500
1106 76
648 902
1177 65
454 513
999 1123
641 966
1095 130
665 185
714 144
851 569
386 1039
1230 562
1095 1109
263 543
1144 868
124 80
1184 156
235 1045
370 337
665 934
417 930
1176 798
816 839
859 891
978 1082
1027 209
351 175
173 1156
1108 879
621 422
306 364
1031 866
1074 558
810 993
571 279
181 960
1039 692
1046 170
758 507
798 1002
354 1074
1238 420
602 528
1242 819
874 523
209 904
256 1165
496 628
862 552
365 1038
1218 885
468 541
762 165
821 619
140 568
1228 965
105 918
168 200
49 897
198 691
464 1195
1200 1104
614 1158
1183 1131
1100 167
234 590
914 1096
376 949
299 1052
1030 482
95 24
1158 659
1072 221
754 611
168 230
67 1187
12 1213
300 607
1237 676
332 972
138 122
545 655
313 99
129 529
647 1053
668 1082
1103 359
999 307
926 407
1187 768
423 954
1008 395
99 483
795 1069
183 604
241 459
201 1045
579 1005
126 1110
160 517
597 305
872 70
127 191
598 1230
771 1219
253 537
1178 946
25 1113
1212 131
1242 533
1185 220
1123 785
449 697
209 1180
776 822
1226 973
560 110
1119 978
1209 276
869 108
605 853
550 35
1231 1056
832 1078
684 1148
1041 392
835 1060
1062 548
883 238
153 593
704 553
230 904
1107 320
463 964
1180 855
740 1106
690 1107
2 716
402 509
256 668
267 944
171 641
856 372
125 53
315 208
1141 496
205 733
123 894
194 262
637 394
246 426
1073 1220
1074 774
675 1211
277 268
230 248
220 1118
575 365
31 725
863 114
940 1
497 1136
945 72
961 1117
1220 1046
779 886
463 282
1191 754
254 1125
559 115
204 1169
1089 998
770 292
797 821
306 23
1176 897
1207 143
73 815
1008 1088
169 651
992 665
567 337
205 459
873 644
812 624
146 989
968 942
724 698
525 1101
1101 1070
1067 1064
36 857
307 385
680 1158
725 788
390 986
138 1094
982 879
327 761
122 139
371 862
626 287
704 324
936 477
68 942
138 632
320 542
498 720
318 588
542 1009
459 460
1223 8
1025 400
339 673
908 479
881 698
936 1103
1221 25
705 840
1099 658
1075 184
323 336
1134 25
126 1212
141 851
625 371
979 1203
638 157
1008 913
1232 19
291 1129
739 836
837 66
763 1012
1223 1113
943 1118
743 1149
970 642
407 658
865 1132
123 110
375 673
59 458
1002 1022
604 900
706 1150
385 875
641 970
430 17
802 26
392 959
874 866
710 818
539 394
789 879
40 269
214 1113
311 830
477 1227
1209 77
457 962
519 866
516 60
747 941
63 576
492 1105
586 286
568 773
117 181
223 964
286 1070
1211 1138
28 745
905 759
226 180
927 1136
803 775
265 284
393 347
938 936
1069 533
412 721
8 438
344 682
367 90
1018 987
579 260
388 881
322 1013
559 595
497 32
626 402
1088 573
634 701
1020 1161
657 551
195 243
823 1052
757 150
622 402
661 870
28 160
27 123
188 103
819 1187
419 1006
1067 1235
477 1018
359 749
272 1087
34 683
599 287
471 238
872 324
806 993
897 465
536 161
1171 335
19 84
566 822
40 1197
114 835
379 668
220 91
720 773
1042 796
737 69
540 54
81 360
61 973
334 40
64 713
389 638
560 557
678 973
13 443
905 702
143 1129
189 323
918 688
1125 703
714 903
1154 379
1079 741
752 303
103 846
838 258
528 28
927 6
87 377
850 334
437 646
1058 863
425 754
603 147
695 113
115 1052
891 999
939 1138
857 663
408 398
593 216
543 979
604 804
73 1058
203 596
1025 862
234 214
514 465
1112 848
717 1156
214 491
341 515
279 707
757 828
993 297
546 305
686 268
8 280
1189 13
847 418
1081 1158
529 983
638 217
502 661
1045 225
463 314
140 414
206 1066
265 197
682 1121
1155 72
611 1124
149 456
279 1071
1064 674
1187 239
166 442
994 737
976 609
373 518
78 500
118 639
1077 757
1204 21
78 908
499 104
841 165
836 806
347 835
931 555
715 676
1088 485
790 1006
720 1014
571 688
1116 633
941 391
354 37
685 1193
560 212
863 1227
970 622
919 669
417 886
612 935
586 327
1215 623
493 890
293 708
624 555
269 12
1044 733
206 621
1080 1229
626 547
913 338
283 98
947 896
665 187
862 1091
118 1022
1026 707
13 1222
1170 368
374 658
656 944
669 888
283 723
847 679
1073 378
225 488
888 498
44 688
1146 971
425 1207
334 1205
1052 618
1006 32
1168 668
1238 1006
1199 583
1171 280
861 223
747 425
1206 1234
780 720
1205 210
1162 611
538 8
692 581
372 942
654 72
309 435
435 1031
550 981
663 1117
687 336
606 735
196 367
602 205
1052 95
947 998
1014 1159
70 474
1031 678
351 137
602 190
325 148
827 821
37 185
775 828
670 867
131 1160
435 1226
625 177
355 210
563 949
920 1111
85 1060
64 577
6 1165
579 625
592 1185
1095 1216
671 402
1072 1038
462 674
953 729
1110 572
720 273
265 948
784 90
411 536
771 1187
727 771
625 218
993 451
867 903
480 965
240 1081
1201 497
825 754
555 603
1082 494
496 147
315 990
611 563
906 947
264 593
1024 455
3 989
805 550
421 239
748 1005
1179 503
35 935
179 546
984 101
1174 962
660 788
1077 561
1137 1071
553 278
998 428
321 1181
709 1032
379 1119
986 1038
523 645
1044 745
742 187
1126 95
939 262
805 21
294 19
456 233
178 1204
375 701
1215 664
60 1210
367 784
252 274
432 916
389 516
1050 386
36 1015
309 1034
365 540
461 157
991 31
956 628
80 543
1091 996
292 37
1229 983
31 218
394 554
242 660
454 779
553 842
471 1016
328 853
912 956
800 487
813 176
455 423
1083 711
688 81
470 416
1121 584
649 464
1069 427
726 1061
1035 1200
984 326
397 682
941 522
1218 194
758 155
819 917
46 1020
1217 342
386 701
594 527
618 288
495 950
724 303
1022 1177
25 848
86 1147
593 515
63 712
290 701
697 591
1206 175
551 37
597 578
476 339
1024 1232
251 1103
923 1082
390 398
1151 120
181 1013
855 1150
215 1148
287 671
747 1207
1165 978
21 1024
558 621
169 705
362 165
49 1022
388 809
236 405
1115 1130
1059 467
29 1043
607 401
470 557
1094 819
498 780
0 230
725 910
104 196
166 585
1175 913
67 1139
996 1195
696 80
711 1043
1137 1034
320 135
1106 1093
536 1221
496 105
465 1176
220 1048
63 273
794 7
496 225
466 959
1181 963
1125 635
241 190
1131 373
606 1243
943 862
820 601
888 100
659 1156
53 1125
412 396
496 201
1235 1098
773 382
652 1152
346 1130
1048 1225
191 847
724 175
261 511
291 782
331 145
1135 266
833 896
41 149
851 292
920 664
865 37
862 725
972 471
508 180
445 881
502 6
740 76
64 25
187 992
413 675
632 67
1107 988
950 1117
1058 407
0 928
885 938
382 937
595 620
815 926
517 3
652 507
78 1011
440 860
1183 1003
674 444
406 867
334 687
329 545
216 656
981 1232
598 1112
633 660
390 1241
790 32
759 775
634 1085
529 939
133 677
1029 1069
479 752
900 449
343 244
255 1160
426 631
559 853
301 484
97 1201
78 388
570 768
1194 27
1206 46
337 7
9 217
1129 1107
97 409
904 224
61 81
767 966
549 634
561 905
622 48
706 1180
907 1094
1014 568
473 906
1034 866
423 981
706 230
1208 28
483 300
689 215
788 748
1069 403
1242 1093
228 473
644 48
734 1002
252 624
529 413
92 293
928 1027
353 318
421 994
615 534
572 449
1172 1218
490 823
699 328
1091 1057
897 1147
30 373
1071 87
947 26
751 140
1195 625
740 178
700 443
77 698
1045 1231
764 994
835 797
868 681
319 1073
151 1157
102 167
1035 547
769 76
200 855
1136 668
1099 619
1077 976
401 11
418 1238
1135 769
1184 776
635 125
830 1014
913 448
821 936
122 570
833 428
741 1041
449 268
504 357
166 24
1158 965
460 733
1112 128
551 722
267 1181
276 328
1191 941
298 1011
41 186
1191 695
1036 399
3 745
40 630
399 741
1121 816
68 968
665 346
56 528
601 301
207 983
58 278
69 1048
41 148
918 489
713 25
427 588
79 395
57 394
118 898
1111 610
975 1059
561 1176
285 454
840 157
128 1230
228 150
906 968
567 920
342 833
1029 533
1105 198
801 416
985 1187
556 1131
121 294
1173 378
1034 87
493 1029
213 696
1090 325
249 887
989 524
10 799
1180 124
508 1126
433 1136
688 486
115 490
656 321
565 254
165 1005
927 1082
537 115
5 164
1129 227
681 140
371 841
922 755
