184 16 369
99 107 23 4
94 169 153 71 21 123 29 66 133 162 61 106 78 47 175 102
105 63
87 39
10 27
39 166
151 90
11 174
107 141
14 160
64 171
11 48
183 56
94 77
166 160
113 171
149 88
133 99
122 88
86 27
129 0
41 165
96 120
50 110
171 7
10 23
144 164
96 12
12 56
70 106
12 129
58 1
91 177
130 182
164 179
42 36
80 118
78 53
98 121
57 146
56 125
120 29
59 169
167 99
147 57
28 128
92 118
73 52
168 111
147 118
174 73
133 158
46 79
162 85
100 74
71 135
71 115
107 159
59 171
18 96
65 107
9 65
46 15
6 167
17 93
16 8
135 127
130 93
108 38
84 52
174 88
121 65
149 150
9 175
62 134
61 144
154 101
23 129
32 13
161 33
74 46
109 81
0 156
21 182
106 13
180 140
23 143
95 118
155 172
61 18
40 132
123 26
1 97
152 90
171 50
150 180
35 53
25 12
84 148
157 166
153 140
63 91
130 32
177 138
29 36
141 138
48 82
103 37
14 99
58 43
4 175
19 78
159 163
20 127
9 138
166 28
75 24
5 72
177 134
84 180
64 108
146 22
21 103
123 60
154 170
105 142
1 171
147 66
36 179
56 61
183 72
44 129
168 73
0 137
183 120
93 68
106 136
100 108
62 116
3 6
24 154
4 63
76 112
110 58
67 45
48 139
2 165
183 144
127 108
30 170
55 128
100 131
45 103
94 87
118 67
12 183
96 143
60 132
13 41
68 54
52 174
120 12
105 163
181 40
34 173
119 161
15 152
109 75
6 99
139 112
124 140
146 30
149 84
153 84
24 23
44 146
72 96
98 9
88 111
97 108
61 179
164 58
15 8
101 146
92 146
23 183
90 34
142 163
137 75
43 125
16 132
162 108
7 85
139 89
116 107
66 37
112 105
113 179
86 130
167 28
58 179
155 76
50 113
42 18
178 177
51 121
20 90
158 99
125 120
3 157
57 83
122 145
71 64
88 150
112 48
137 170
22 80
17 37
122 13
53 76
106 41
77 135
41 88
51 124
72 0
106 145
147 81
69 3
143 24
165 21
82 172
41 126
162 34
54 150
135 34
81 101
29 61
115 152
182 80
117 62
86 57
95 17
166 176
67 37
97 131
20 64
99 181
104 157
42 171
73 180
125 137
38 7
104 128
1 38
22 31
43 25
107 172
33 4
52 78
107 119
144 29
89 172
3 79
163 76
72 125
38 164
66 17
174 35
60 49
4 142
80 147
117 107
134 114
27 101
37 57
111 165
148 19
69 133
15 104
98 82
136 17
83 80
162 97
47 78
95 101
87 115
7 36
146 27
139 124
139 19
55 94
87 60
160 157
26 173
91 9
97 85
133 176
129 75
109 44
153 155
70 168
136 103
89 33
148 122
85 151
59 127
120 72
8 173
25 110
73 148
30 83
114 117
155 139
7 113
123 15
102 78
173 49
123 87
145 168
178 114
66 126
5 169
75 120
142 82
30 22
102 73
70 103
3 40
70 165
136 68
142 47
176 99
146 81
13 54
28 157
158 157
56 24
49 131
162 113
143 31
178 175
35 111
41 70
69 16
48 47
50 7
168 150
137 24
154 31
2 149
102 112
98 63
67 130
2 45
122 150
145 52
162 64
20 50
123 128
86 147
26 151
123 8
92 156
53 102
55 160
11 53
110 169
93 83
13 70
92 22
59 38
